# Created by Octave 7.1.0, Tue May 10 20:25:05 2022 GMT <unknown@MATEO-DESKTOP>
# name: R
# type: matrix
# ndims: 3
 10 9 36
 0.019386540936357069
 0.023058962020373448
 -0.0029292973107797947
 0.0078038700306350571
 -0.0056762140674030161
 -0.025434583832454387
 0.017911728900479665
 -0.036483947706992273
 0.010832776315712689
 0.049740096630836624
 0.010766309868738593
 -0.0036586017662249364
 0.025937991107620316
 -0.01876232053781849
 -0.022866183766665989
 -0.0045699395364740833
 0.014221406487313952
 -0.01705868303683818
 -0.014492000235442181
 0.0159759559507738
 -0.0095834628158260882
 -0.013908052060960852
 0.0018709164639501734
 -0.0047375604074561088
 0.016576965519536319
 0.0086444310116968251
 0.0018037630303003012
 0.020530683257865563
 0.010717718133523287
 -0.017174442770799835
 -0.033998636729076215
 0.0093599951410375561
 -0.00024055516432522871
 0.0046046613501933712
 0.0061749174730493482
 0.0020246070801381733
 -0.0049878361255231152
 0.012200719685024843
 0.015711056782248593
 -0.021030968633195229
 -0.020909556719551834
 0.0019248202507400026
 -0.0017864661586704036
 -0.012425789077779359
 0.010863381599922508
 0.0097394244183774212
 0.0085140116698308906
 -0.01636224730548003
 -0.0029624706816482535
 -0.057973804541340129
 -0.036831448889999854
 0.030056048827844056
 0.0036786938383691335
 0.0014525086086746321
 0.017060835340083107
 0.020242193644389072
 -0.00058873519983682608
 0.001305253788164951
 0.011749218286163349
 -0.011491782654731561
 -0.0071302277846890059
 -0.0092925607966406441
 0.020612390323514886
 0.037078048523642673
 -0.042357975814896864
 -0.032326996248356561
 0.017698211392417177
 0.00054144160290286341
 0.039081671923803026
 7.2063796612943773e-05
 0.0075028004003969417
 0.0056459817599000617
 -0.0074690638539644917
 -0.012797186739043681
 -0.0028956257126950026
 0.0038494703298673277
 0.01580598191764427
 -0.01803849627293571
 -0.017896416596479926
 -0.0035247468043051429
 0.020085286026860133
 -0.0049157631434083764
 0.0036862230174584923
 -0.010941840394302163
 0.0047831006473602099
 -0.0043426269276400772
 -0.012281974180466103
 0.0067519349754804883
 0.0017472364026674229
 0.0073152927486647918
 0.034285303665946933
 0.065193754846299287
 0.046931924942866153
 -0.05570732150639001
 -0.0090805456788325672
 0.077626763029961812
 0.15961258743244433
 -0.11898471384212254
 0.0023649640305662464
 -0.0031297750160749699
 0.0046361464261371315
 0.0049955123929773587
 -0.0070454547720440177
 -0.053796173910196116
 -0.025341765842589101
 -0.011282040787577585
 0.054415245217483338
 -0.040613915845679638
 -0.050504947503366003
 0.0034615192092022095
 -0.047761975382490947
 -0.034477894468701226
 -0.022431576737697367
 -0.0054317214169338126
 -0.0033942940523451256
 0.01553570225411101
 0.013480389780634023
 0.0040662565807890703
 -0.0068173077616450212
 -0.011871057506497838
 -0.041682733964794182
 -0.0088477480913876361
 -0.0067314821697644122
 0.012802730791997851
 0.00036471932870117858
 0.0095733499093314679
 0.0033317048255192797
 0.0038703532188960159
 0.0065153560734710408
 -0.0021965969117255114
 0.021973816079751431
 0.0020176852802587146
 -0.00049803310821443594
 6.318573138159938e-05
 -0.0027819064813718029
 0.0030177380791298032
 0.0014488678512658763
 -0.0049390397657230146
 -0.0025872915869172074
 0.0067474779574980869
 -0.0070743362189736774
 0.0021144819214726409
 -0.0035788425127661785
 -0.00085419266729455656
 -0.0035235610184234717
 0.00042970737441726118
 0.0016288648190957915
 0.0011893672334680001
 -0.00075299155362478192
 0.0009956128319301579
 -0.0024056609414566089
 -0.0008156269112731642
 -0.0037166208374433637
 0.000378103407649715
 0.0040156151238089346
 0.0029420640476705874
 -0.00056159240626931731
 0.00062678447182490382
 -0.0025288889622017106
 -0.002610912759843802
 0.0026161387522188285
 -1.2040995922060824e-05
 0.00025102814159256171
 -0.0012863041150477303
 0.00051128076140187528
 -0.00076966559566609717
 -0.0025408696105361475
 0.0026376439838429805
 0.0028450461175005275
 -0.00012554534937384419
 0.0017422619286449048
 -0.00047767393720536943
 0.00018987345328702829
 -0.00032435400588701701
 0.00011301479187757557
 0.00071894708972162591
 -0.00040273482585109283
 0.00037448575885456174
 0.0013674455183437263
 0.00063525038266384968
 -0.006722493403471635
 0.090901557443924669
 -0.13216120539643081
 0.10162437957221548
 -0.079510555428424182
 -0.026453357272941774
 0.038044092337693736
 0.13125646189144211
 -0.032940206515307588
 0.027221233195095694
 -0.0064358661049778911
 0.019439964788551523
 -0.0028729220083206618
 0.029897034790017235
 -0.020697412554112355
 0.026445810922990955
 -0.0073213844330246528
 0.01438155753453773
 -0.016596842767976763
 0.0029804750212551979
 -0.0037730730041260815
 0.013144853056016785
 -0.013145118166125553
 0.0099428019760700523
 -0.00814069387326
 3.5487265181673936e-05
 0.018966986870268467
 0.0054482978727373203
 0.00094516852142147482
 0.012203293799618577
 0.0015727424493516703
 3.724046559968339e-05
 0.0046691225510536553
 0.007652710277316563
 0.0071378961240789549
 -0.0024676889273067748
 -0.0044902485471401852
 0.0020013748395617437
 0.0043676737619437432
 -0.0021305756650751933
 0.0076751256754323469
 -0.0058365562677190532
 -0.0045894331813835223
 -0.0015327726491292401
 0.00073114000824701388
 0.0038262910305810888
 -0.0011473128929594084
 0.0042672324857557856
 -0.00026956537328743843
 -0.00025856884874956578
 0.010035844952630985
 -0.00014961347793948491
 -0.0029971654494067856
 0.00052530327667630369
 -0.001747349155467011
 0.00088074032634327486
 0.00046137962846963868
 -0.0011660338176701114
 0.0043698652004264642
 0.0035380429234762169
 -0.0012165066842478726
 -0.0014471817776505155
 0.0018326598709808646
 0.0025370962003202482
 0.0033146839725546316
 0.005848407820735483
 -0.0014715129063670692
 -0.0020490891271286765
 -0.0010580821786923137
 -0.0010357161242353235
 0.0039740660390364842
 0.00036696249763992328
 0.0010970646627218342
 -0.00089696814271186429
 0.00043642810817025752
 -0.0014313598728181783
 -0.0010791989129747873
 8.4208761621851121e-05
 -0.0013107924435542271
 0.00091064578651255167
 0.00085542185148876652
 7.4004162797103399e-05
 -0.00084505810274310058
 -0.00076361053965317812
 0.00020925253035451806
 0.00042799598613591086
 -0.00060725254778311115
 -0.0011605270039716129
 -0.00041193205850706351
 -0.00068030457624797074
 -0.17147998041717097
 -0.069465073027822774
 -0.030660595995073255
 0.024934154566621146
 0.0080151549028889147
 0.054399168962684832
 0.10421147379494049
 -0.03024763808201808
 -0.041173527361498201
 0.021037777323537683
 -0.031621299957150815
 -0.048794560930988364
 -0.027274699591248456
 -0.019737525709655913
 -0.0063451001447635217
 -0.018071536269614684
 0.032505287781588538
 -0.0092531879745144374
 -0.01048765061538927
 -0.0076205788880037619
 0.061852926099737533
 0.0052244534757651196
 -0.0030892831047238467
 -0.0020491398027958491
 0.0026732618139326085
 0.0012714462169511236
 0.0045153301622536564
 -0.00052493191947168701
 0.0049712230104179802
 -0.00048257058444908443
 -0.023581268077524087
 0.0035183428900777245
 -0.0044849321287730526
 0.0064647813925933608
 0.0011404961269782816
 -0.0048895445351902359
 0.0030161742332692966
 0.00022377897089508541
 0.0013289661480530028
 -0.0017306984601523074
 0.0043798540044581655
 -0.0047189192775404518
 0.0050515725574912743
 0.0023668439698743588
 0.0026185529346867357
 -0.00032504909968885618
 -0.002567432471282563
 -0.00061611736468414184
 -0.0012303255878871443
 -0.0020412256528480818
 0.0064766624010253798
 0.0010004697789460476
 -0.0013528120394596657
 0.00034376186628630413
 0.00019181324814360447
 0.0024071280817286617
 0.0022201921991722583
 0.0027999418735542504
 0.00039466271107192215
 0.0019456207171465187
 -0.0013138303839485333
 0.0012006056118887198
 0.0007348808542977386
 0.00035020743514709593
 -0.00057820961396979774
 -0.00080562928717376847
 0.00074625571112230127
 0.00064778791389846931
