# Created by Octave 7.1.0, Fri May 13 23:03:40 2022 GMT <unknown@MATEO-DESKTOP>
# name: R
# type: matrix
# ndims: 3
 10 9 36
 -0.019386540936365066
 0.023058962020186553
 -0.0029292973096129624
 -0.0078038700297294178
 -0.0056762140652420077
 -0.025434583832803472
 0.017911728899509972
 -0.036483947708690255
 0.010832776320012052
 0.049740096629480202
 -0.010766309868581051
 -0.0036586017663034977
 0.025937991109181956
 0.018762320537098684
 -0.022866183765667552
 -0.0045699395368454573
 0.014221406487140466
 -0.017058683040215062
 -0.014492000232793571
 0.015975955949060226
 0.0095834628155869548
 -0.013908052061093031
 0.0018709164635218258
 0.0047375604073915988
 0.016576965518658299
 0.0086444310116876224
 0.0018037630299316495
 0.020530683260477613
 0.010717718131229775
 -0.017174442769418742
 0.033998636729035497
 0.0093599951411083709
 -0.00024055516506868793
 -0.004604661350619774
 0.0061749174726360946
 0.0020246070803213207
 -0.0049878361257827573
 0.01220071968836914
 0.015711056780846312
 -0.021030968631768236
 0.020909556719134182
 0.0019248202499962635
 -0.0017864661588053411
 0.012425789077789965
 0.010863381599643238
 0.009739424419257927
 0.0085140116686054229
 -0.016362247303560899
 -0.0029624706775516472
 -0.057973804542292583
 0.036831448890411227
 0.030056048827672707
 0.0036786938383606251
 -0.0014525086092331912
 0.017060835339798377
 0.020242193644928876
 -0.0005887352001954164
 0.0013052537905822031
 0.011749218286378234
 -0.011491782655785161
 0.0071302277846836326
 -0.00929256079755089
 0.020612390322765659
 -0.037078048524494797
 -0.042357975812430865
 -0.03232699625053434
 0.017698211392298636
 0.00054144160747323961
 0.039081671924419525
 7.2063797665048791e-05
 -0.0075028004005850265
 0.005645981759922993
 -0.0074690638524143619
 0.0127971867388849
 -0.0028956257130461341
 0.0038494703293747256
 0.015805981917929139
 -0.018038496275884566
 -0.017896416592684431
 -0.0035247468052896128
 -0.020085286026549142
 -0.0049157631432224635
 0.003686223017365339
 0.010941840394454044
 0.0047831006471694146
 -0.0043426269268978324
 -0.012281974181075923
 0.006751934975855748
 0.0017472364011593094
 0.0073152927484437889
 0.034285303666123548
 -0.065193754846425991
 -0.046931924950039602
 -0.05570732150509769
 0.0090805456738540982
 -0.077626763028843693
 -0.15961258742947979
 0.11898471384410414
 -0.0023649640523646623
 0.0031297750224187097
 0.0046361464261706073
 -0.0049955123936130793
 0.0070454547679856261
 -0.05379617391136228
 0.025341765840891775
 0.011282040788017977
 -0.054415245217297507
 0.040613915855243675
 0.050504947495773875
 -0.0034615192052406948
 -0.047761975382577739
 0.034477894468277738
 0.022431576737634684
 -0.0054317214180934908
 0.0033942940527115087
 -0.015535702253972081
 -0.013480389781829503
 -0.0040662565800923586
 0.0068173077617494013
 0.01187105750615774
 -0.041682733965026753
 0.0088477480914318195
 0.0067314821703149353
 0.012802730791827525
 -0.00036471932875077893
 -0.0095733499090590243
 -0.0033317048260979119
 -0.003870353220114173
 -0.0065153560729882057
 0.0021965969111969273
 0.021973816079457982
 -0.0020176852800759615
 0.00049803310800608546
 6.3185731599462718e-05
 0.0027819064812110209
 -0.0030177380792466568
 -0.001448867851481098
 0.0049390397663420758
 0.0025872915862094679
 -0.00674747795715918
 -0.0070743362184735366
 -0.0021144819215187572
 0.0035788425126932135
 -0.00085419266739909794
 0.0035235610184931473
 -0.00042970737443554771
 -0.0016288648195140654
 -0.0011893672330461084
 0.00075299155387956737
 -0.00099561283208476317
 -0.0024056609411932431
 0.00081562691111651401
 0.0037166208374640681
 0.00037810340754122556
 -0.0040156151236508258
 -0.0029420640477291265
 0.00056159240622905666
 -0.0006267844715608517
 0.0025288889623362081
 0.0026109127597484343
 0.0026161387524487236
 1.2040995802784991e-05
 -0.00025102814153865843
 -0.0012863041151490032
 -0.00051128076130077462
 0.00076966559568687352
 0.0025408696106393796
 -0.0026376439843066508
 -0.0028450461169419986
 0.00012554534920392231
 0.0017422619285519198
 0.00047767393725437759
 -0.00018987345325482423
 -0.00032435400577284954
 -0.00011301479179984979
 -0.00071894708981684022
 0.00040273482583186152
 -0.00037448575904105915
 -0.0013674455182917297
 -0.00063525038276506852
 0.006722493403297493
 0.09090155744507826
 -0.13216120539785911
 -0.10162437956826914
 -0.079510555426729163
 -0.026453357281727482
 0.038044092349190463
 0.13125646188242826
 -0.032940206536100053
 0.027221233200549803
 0.0064358661048368434
 0.019439964788391946
 -0.0028729220089278953
 -0.029897034791129047
 -0.0206974125544763
 0.026445810921725776
 -0.0073213844302441435
 0.014381557532469546
 -0.016596842770593947
 0.0029804750218205434
 0.003773073004217432
 0.013144853056305481
 -0.013145118165803004
 -0.0099428019755131835
 -0.008140693872438081
 3.5487263998808878e-05
 0.0189669868713233
 0.005448297871788901
 0.0009451685204824523
 0.012203293799902759
 -0.0015727424494187319
 3.7240465585471668e-05
 0.0046691225504660733
 -0.0076527102774624472
 0.0071378961240832657
 -0.002467688927270094
 -0.0044902485474378091
 0.0020013748405289388
 0.004367673761617734
 -0.0021305756647993302
 -0.0076751256750769246
 -0.0058365562675526776
 -0.0045894331814660284
 0.0015327726492257241
 0.00073114000803034757
 0.0038262910304286864
 -0.0011473128926630257
 0.0042672324859923437
 -0.00026956537401627882
 -0.0002585688486079873
 -0.010035844952754214
 -0.00014961347793353622
 -0.0029971654496253036
 -0.00052530327664442825
 -0.0017473491555085095
 0.00088074032640876208
 0.00046137962862060911
 -0.0011660338170244387
 0.0043698652004633895
 0.0035380429236470676
 0.0012165066842683046
 -0.0014471817778316438
 0.0018326598709166927
 -0.0025370962004362023
 0.0033146839724566383
 0.0058484078209127249
 -0.0014715129064737007
 -0.0020490891270665656
 -0.0010580821783898276
 -0.0010357161243891827
 -0.0039740660390260351
 0.00036696249763028228
 0.0010970646627745106
 0.00089696814271471477
 0.00043642810815309189
 -0.001431359872632181
 -0.0010791989130445199
 8.4208761277997866e-05
 -0.0013107924436667237
 0.00091064578644251188
 -0.00085542185153438856
 7.4004162780246739e-05
 -0.00084505810276352619
 0.00076361053964994264
 0.00020925253032261931
 0.00042799598615862131
 -0.00060725254780363998
 -0.0011605270039190285
 -0.00041193205829386453
 -0.00068030457629948942
 0.17147998041733095
 -0.069465073027405178
 -0.030660595994080584
 -0.024934154563082834
 0.0080151549060837567
 0.054399168960325713
 0.10421147379761314
 -0.030247638090088493
 -0.041173527355831352
 0.021037777321544059
 0.031621299956938798
 -0.048794560930550936
 -0.027274699590272535
 0.01973752571219977
 -0.0063451001437513652
 -0.018071536269825543
 0.032505287781405302
 -0.0092531879770618355
 -0.01048765061294085
 -0.0076205788887105785
 -0.061852926099408893
 0.0052244534757792472
 -0.003089283104575553
 0.0020491398029314593
 0.0026732618139989456
 0.0012714462170499074
 0.0045153301621708285
 -0.0005249319188605796
 0.0049712230105356412
 -0.00048257058433360167
 0.0235812680776105
 0.0035183428900646798
 -0.0044849321290107852
 -0.006464781392378079
 0.0011404961273054545
 -0.004889544535265365
 0.0030161742334050522
 0.00022377897094024807
 0.0013289661481099078
 -0.0017306984600431164
 -0.0043798540042284733
 -0.0047189192775990907
 0.0050515725572378954
 -0.0023668439701174625
 0.0026185529347204869
 -0.00032504909959279056
 -0.0025674324714739637
 -0.0006161173646855371
 -0.0012303255877656593
 -0.002041225652904629
 -0.0064766624014118077
 0.0010004697788619809
 -0.0013528120392820506
 -0.00034376186628609564
 0.00019181324819786893
 0.0024071280816507306
 0.0022201921993303666
 0.0027999418734956528
 0.00039466271061159533
 0.0019456207172647707
 0.0013138303842358378
 0.0012006056118023067
 0.00073488085433172465
 -0.00035020743516414729
 -0.00057820961388983902
 -0.00080562928726284034
 0.00074625571104455031
 0.00064778791391509989
 0.00036717919285165151
