function T = tensor4_example()
  T = [1 2 3 4 ; 5 6  7 8; 9  10 11 12 ; 13 14 15 16 ; 17 18 19 20];
  
  T(:,:,2)= T + 20;
  
  T(:,:,3)=T(:,:,2) + 20;
  
  
  T(:,:,:,2) = T+100;
  
  
end



%{  

5x4x3x2

T1




%}