# Created by Octave 7.1.0, Sat May 14 00:48:16 2022 GMT <unknown@MATEO-DESKTOP>
# name: U1
# type: matrix
# rows: 10
# columns: 10
 -0.32379056610524398 0.23888919715688597 0.18675121976493872 0.3421532678183048 0.18698381941053008 -0.22868934014970929 0.33440255829594834 -0.0008301327443429624 0.090835557580920046 0.69195962480829354
 -0.32170370100228357 0.239606522870876 0.20330307635164907 -0.04783989199783506 -0.19916037697806191 0.66858218588904728 -0.27283650540737714 -0.45854867634854707 0.083939645719986813 0.13059533071274823
 -0.2759091831477678 0.15361238656444173 -0.5714113314342919 -0.57247463354284356 0.31076913925262123 -0.21405504394390834 -0.065086575973175798 -0.28691101664717339 0.025786680419992387 0.12815254630924908
 -0.31371846028917105 0.21505055315925276 0.14566966628261338 0.29184408199238149 0.042996881083996533 -0.36113050201478214 -0.041236777134841814 -0.37710591393895393 -0.52189956642227953 -0.44764818392818484
 -0.29014846059384763 0.40303322708891792 -0.14522574764033422 -0.15442256473611637 -0.52685795350521103 -0.03708754579472618 -0.1201580678896101 0.58115615036372015 -0.27033356843771061 0.065006019461972236
 -0.29760518045798456 0.28578216833530434 -0.026262425677402283 0.11091961814765147 0.019916704933880359 -0.047845375436576375 0.20728575279734046 0.12091136634380023 0.71147216143833902 -0.5003013079354991
 -0.32691083855170555 -0.35501786028016796 -0.56665388669869821 0.55155455748517357 0.12423288766217937 0.24281085859185067 -0.2060989204445394 0.14921205957709341 -0.051396721162699381 0.0030025357931583205
 -0.33606385702493263 -0.49622184279134751 -0.021304994989040687 -0.19861052689931177 -0.41640240100388121 0.048599259279421964 0.625027685508737 -0.1602921373472791 -0.082524890538413997 -0.044816743087998503
 -0.32999876792345445 -0.4291461512668886 0.3226675846365698 -0.11427758466559493 -0.14412312644209527 -0.41856651458958455 -0.55837735177792625 0.023878335622542234 0.26783525035819072 0.098489042809079733
 -0.34008451387663247 -0.12300289653044744 0.35863093371637156 -0.27363275386236047 0.58255796450187713 0.29031474454156669 0.073969263415029046 0.40535861647419819 -0.22627052497296743 -0.14518931437119262


